44214.553250	-73099	44214.553250	44214.553179	6.153183	8.156731
44214.615620	-73098	44214.615620	44214.615542	6.771582	8.156707
44214.677980	-73097	44214.677980	44214.677904	6.525982	8.156682
44968.023090	-61017	44968.023090	44968.021043	176.854251	92.277589
44968.957120	-61002	44968.957120	44968.956486	54.802241	92.277563
44969.019620	-61001	44969.019620	44969.018849	66.652640	92.277561
44978.997550	-60841	44978.997550	44978.996903	55.868538	92.277277
44993.900780	-60602	44993.900780	44993.901623	-72.814015	52.314575
44993.963280	-60601	44993.963280	44993.963986	-60.963615	52.314572
44994.026420	-60600	44994.026420	44994.026348	6.182784	52.314569
45020.905130	-60169	45020.905130	45020.904734	34.248908	12.617229
45021.902920	-60153	45021.902920	45021.902539	32.911297	12.617024
45024.833860	-60106	45024.833860	45024.833593	23.096068	52.313038
45731.966400	-48767	45731.966400	45731.965865	46.230410	22.365421
45763.833730	-48256	45763.833730	45763.833277	39.096484	3.734960
45854.882800	-46796	45854.882800	45854.883028	-19.672451	92.255261
46054.942310	-43588	46054.942310	46054.943027	-61.927304	92.251038
46086.935650	-43075	46086.935650	46086.935165	41.903568	5.273978
46086.997960	-43074	46086.997960	46086.997528	37.337967	5.273956
48560.557800	-3410	48560.557800	48560.557317	41.754182	3.779816
48773.215090	1	48773.215090	48773.214610	41.472000	2.773440
48774.212930	16	48774.212930	48774.212415	44.454389	2.773440
49137.912940	5848	49137.912940	49137.912514	36.847457	2.789960
49143.962140	5945	49143.962140	49143.961709	37.216195	2.790511
49144.024380	5946	49144.024380	49144.024072	26.602595	2.790516
49144.086890	5947	49144.086890	49144.086435	39.316993	2.790522
49144.960050	5961	49144.960050	49144.959515	46.246585	2.790602
49145.022350	5962	49145.022350	49145.021878	40.816984	2.790608
49145.084540	5963	49145.084540	49145.084240	25.883384	2.790614
49145.147110	5964	49145.147110	49145.146603	43.781783	2.790620
51870.776880	49670	51870.776880	51870.777002	-10.535790	3.784447
51870.901630	49672	51870.901630	51870.901728	-8.434991	3.784518
52284.679000	56307	52284.679000	52284.679188	-16.267237	7.423551
52284.741360	56308	52284.741360	52284.741551	-16.512837	6.949919
54914.832280	98482	54914.832280	54914.832075	17.717771	8.454642
54914.894660	98483	54914.894660	54914.894438	19.200171	8.317590
54916.827930	98514	54916.827930	54916.827686	21.090551	8.115533
54919.696600	98560	54919.696600	54919.696377	19.296922	8.117034
54920.756780	98577	54920.756780	54920.756545	20.305710	8.184900
54922.627670	98607	54922.627670	54922.627430	20.713691	8.185871
54922.690020	98608	54922.690020	54922.689793	19.604091	8.596897
54922.752370	98609	54922.752370	54922.752156	18.494490	8.596928
54922.814730	98610	54922.814730	54922.814519	18.248889	8.527647
54937.781830	98850	54937.781830	54937.781601	19.784735	8.193743
54937.844200	98851	54937.844200	54937.843964	20.403135	8.466207
54938.717290	98865	54938.717290	54938.717044	21.284726	8.261821
54938.779610	98866	54938.779610	54938.779406	17.583125	8.604857
54940.650510	98896	54940.650510	54940.650292	18.855106	7.477445
54940.712870	98897	54940.712870	54940.712655	18.609506	8.536574
54940.775240	98898	54940.775240	54940.775017	19.227905	7.414858
54940.837640	98899	54940.837640	54940.837380	22.438304	7.668293
54941.773050	98914	54941.773050	54941.772823	19.618295	8.331322
54941.835410	98915	54941.835410	54941.835186	19.372694	7.604822
54942.646120	98928	54942.646120	54942.645903	18.771886	8.537540
54942.770850	98930	54942.770850	54942.770628	19.144685	8.468686
54942.833220	98931	54942.833220	54942.832991	19.763084	8.468718
54942.895590	98932	54942.895590	54942.895354	20.381483	7.170427
54943.706300	98945	54943.706300	54943.706071	19.780675	8.607296
54943.768650	98946	54943.768650	54943.768434	18.671074	8.469189
54943.831010	98947	54943.831010	54943.830797	18.425474	8.129677
54970.647030	99377	54970.647030	54970.646819	18.225198	6.668090
54970.709410	99378	54970.709410	54970.709182	19.707598	6.613611
54993.658930	99746	54993.658930	54993.658708	19.182562	8.290230
54998.647980	99826	54998.647980	54998.647735	21.134511	7.764704
55005.632600	99938	55005.632600	55005.632374	19.547239	7.577402
55135.970980	102028	55135.970980	55135.970715	22.913901	7.841245
55156.924900	102364	55156.924900	55156.924630	23.336087	7.853004
55156.987240	102365	55156.987240	55156.986993	21.362487	8.046013
55157.922710	102380	55157.922710	55157.922435	23.726476	7.540794
55158.982870	102397	55158.982870	55158.982604	23.007266	7.790699
55160.916110	102428	55160.916110	55160.915852	22.305646	8.178817
55160.978470	102429	55160.978470	55160.978215	22.060046	8.311039
55161.913910	102444	55161.913910	55161.913657	21.832036	7.919689
55161.976290	102445	55161.976290	55161.976020	23.314435	7.604767
55162.911740	102460	55162.911740	55162.911463	23.950426	7.243340
55205.942100	103150	55205.942100	55205.941824	23.829984	8.468246
55206.004460	103151	55206.004460	55206.004187	23.584383	8.468278
55206.939920	103166	55206.939920	55206.939630	25.084373	8.603445
55207.002310	103167	55207.002310	55207.001993	27.430773	8.401988
55208.873170	103197	55208.873170	55208.872878	25.246754	8.336532
55209.870980	103213	55209.870980	55209.870683	25.637143	8.809433
55209.933310	103214	55209.933310	55209.933046	22.799543	8.205329
55209.995690	103215	55209.995690	55209.995409	24.281942	8.470374
55212.989110	103263	55212.989110	55212.988825	24.589112	8.141690
55244.918890	103775	55244.918890	55244.918601	24.985584	8.758817
55244.981260	103776	55244.981260	55244.980964	25.603983	8.224356
55246.976860	103808	55246.976860	55246.976575	24.656763	8.423179
55389.663080	106096	55389.663080	55389.662758	27.778498	8.047867
56670.346770	126632	56670.346770	56670.346094	58.395755	8.222143
56717.368350	127386	56717.368350	56717.367677	58.108872	8.258570
56748.300370	127882	56748.300370	56748.299647	62.434955	9.288486
57100.338720	133527	57100.338720	57100.337894	71.379343	8.816546
57101.149460	133540	57101.149460	57101.148611	73.370534	8.377243
57748.288850	143917	57748.288850	57748.287828	88.260692	9.713895
57748.351190	143918	57748.351190	57748.350191	86.287092	9.708404
57802.232720	144782	57802.232720	57802.231687	89.224139	9.151313
57802.419820	144785	57802.419820	57802.418776	90.215337	9.266568
57829.360570	145217	57829.360570	57829.359524	90.387860	8.902417
58140.426470	150205	58140.426470	58140.425383	93.939868	9.651369
58200.232450	151164	58200.232450	58200.231349	95.144855	9.625863
58542.417410	156651	58542.417410	58542.416266	98.830143	8.959256
58580.084550	157255	58580.084550	58580.083423	97.367357	9.134641
58851.300610	161604	58851.300610	58851.299426	102.338173	9.510327
58870.258890	161908	58870.258890	58870.257730	100.251579	9.483683
58870.383640	161910	58870.383640	58870.382455	102.352377	10.018018
58871.194310	161923	58871.194310	58871.193172	98.295569	9.200615
58871.256750	161924	58871.256750	58871.255535	104.961968	9.401327
58873.314700	161957	58873.314700	58873.313509	102.905147	9.987177
58873.439430	161959	58873.439430	58873.438235	103.277946	9.300248
58880.174630	162067	58880.174630	58880.173422	104.401077	9.400184
58909.298030	162534	58909.298030	58909.296869	100.297578	10.035738
58926.135990	162804	58926.135990	58926.134837	99.649405	9.270688
58931.125040	162884	58931.125040	58931.123864	101.601354	9.601540
